{"asset":{"version":"2.0","generator":"GLTFExporter"},"scenes":[{"nodes":[27]}],"scene":0,"nodes":[{"matrix":[-1.629206849429465e-7,-0.9999999999999867,-1.1102230246251564e-16,0,-4.0133926415553134e-7,6.517009154549669e-14,0.9999999999999196,0,-0.9999999999999063,1.6292068477641308e-7,-4.0133926426655364e-7,0,4.088217735290527,-0.26011085510253906,3.169097900390625,1],"name":"Delightfull_Coltrane_009","extras":{"transformData":{"inheritType":1,"eulerOrder":"ZYX","translation":[4.088217735290527,-0.26011085510253906,3.169097900390625],"rotation":[90.00002299504598,0,-90.00000933466764],"parentMatrixWorld":{"elements":[1,0,0,0,0,1,0,0,0,0,1,0,4.773685455322266,-22.620277404785156,-46.276824951171875,1]}}}},{"matrix":[-1.629206849429465e-7,-0.9999999999999867,-1.1102230246251564e-16,0,-4.0133926415553134e-7,6.517009154549669e-14,0.9999999999999196,0,-0.9999999999999063,1.6292068477641308e-7,-4.0133926426655364e-7,0,-17.306621551513672,-37.317054748535156,13.27459716796875,1],"name":"Delightfull_Coltrane_008","extras":{"transformData":{"inheritType":1,"eulerOrder":"ZYX","translation":[-17.306621551513672,-37.317054748535156,13.27459716796875],"rotation":[90.00002299504598,0,-90.00000933466764],"parentMatrixWorld":{"elements":[1,0,0,0,0,1,0,0,0,0,1,0,4.773685455322266,-22.620277404785156,-46.276824951171875,1]}}}},{"matrix":[0.9999999999999996,-2.9802322387695306e-8,0,0,-4.752208472006464e-15,-1.5945765641234286e-7,0.9999999999999875,0,-2.9802322387694922e-8,-0.999999999999987,-1.5945765641234286e-7,0,13.791259765625,-0.0000019073486328125,-30.2860107421875,1],"name":"Coltrane_Delight_light_003","extras":{"transformData":{"inheritType":1,"eulerOrder":"ZYX","translation":[13.791259765625,-0.0000019073486328125,-30.2860107421875],"rotation":[90.0000091362507,0,-0.0000017075472925031871],"parentMatrixWorld":{"elements":[-0.48296297477886574,-0.8365162763663608,0.2588190185571898,0,0.8660253690702701,-0.500000060126699,-2.7755575615628914e-17,0,0.12940952484052812,0.2241438360683954,0.9659258334018679,0,7.241634368896484,5.201776504516602,-2.873199462890625,1]}}}},{"matrix":[0.9999999999999996,-2.9802322387695306e-8,0,0,-4.752208472006464e-15,-1.5945765641234286e-7,0.9999999999999875,0,-2.9802322387694922e-8,-0.999999999999987,-1.5945765641234286e-7,0,-13.791259765625,0,-30.2860107421875,1],"name":"Coltrane_Delight_light_004","extras":{"transformData":{"inheritType":1,"eulerOrder":"ZYX","translation":[-13.791259765625,0,-30.2860107421875],"rotation":[90.0000091362507,0,-0.0000017075472925031871],"parentMatrixWorld":{"elements":[-0.48296297477886574,-0.8365162763663608,0.2588190185571898,0,0.8660253690702701,-0.500000060126699,-2.7755575615628914e-17,0,0.12940952484052812,0.2241438360683954,0.9659258334018679,0,7.241634368896484,5.201776504516602,-2.873199462890625,1]}}}},{"matrix":[0.9999999999999996,-2.98023223876953e-8,0,0,2.98023223876953e-8,0.9999999999999996,0,0,0,0,1,0,44.04663848876953,0.0000057220458984375,-26.310104370117188,1],"name":"Delightfull_Coltrane_005","extras":{"transformData":{"inheritType":1,"eulerOrder":"ZYX","translation":[44.04663848876953,0.0000057220458984375,-26.310104370117188],"rotation":[0,0,-0.0000017075472925031871],"parentMatrixWorld":{"elements":[-0.48296297477886574,-0.8365162763663608,0.2588190185571898,0,0.8660253690702701,-0.500000060126699,-2.7755575615628914e-17,0,0.12940952484052812,0.2241438360683954,0.9659258334018679,0,7.241634368896484,5.201776504516602,-2.873199462890625,1]}}},"mesh":0},{"matrix":[0.9999999999999996,-2.98023223876953e-8,0,0,2.98023223876953e-8,0.9999999999999996,0,0,0,0,1,0,0,0.000003814697265625,-26.367752075195312,1],"name":"Delightfull_Coltrane_006","extras":{"transformData":{"inheritType":1,"eulerOrder":"ZYX","translation":[0,0.000003814697265625,-26.367752075195312],"rotation":[0,0,-0.0000017075472925031871],"parentMatrixWorld":{"elements":[-0.48296297477886574,-0.8365162763663608,0.2588190185571898,0,0.8660253690702701,-0.500000060126699,-2.7755575615628914e-17,0,0.12940952484052812,0.2241438360683954,0.9659258334018679,0,7.241634368896484,5.201776504516602,-2.873199462890625,1]}}},"mesh":1},{"matrix":[0,-1.6543612251060553e-24,-1,0,-2.98023223876953e-8,0.9999999999999996,-1.6543612251060553e-24,0,0.9999999999999996,2.98023223876953e-8,0,0,-50,0.000003814697265625,-30.290817260742188,1],"name":"Delightfull_Coltrane_007","extras":{"transformData":{"inheritType":1,"eulerOrder":"ZYX","translation":[-50,0.000003814697265625,-30.290817260742188],"rotation":[-0.0000017075472925031871,90,0],"parentMatrixWorld":{"elements":[-0.48296297477886574,-0.8365162763663608,0.2588190185571898,0,0.8660253690702701,-0.500000060126699,-2.7755575615628914e-17,0,0.12940952484052812,0.2241438360683954,0.9659258334018679,0,7.241634368896484,5.201776504516602,-2.873199462890625,1]}}},"mesh":2},{"matrix":[-0.48296297477886574,-0.8365162763663608,0.2588190185571898,0,0.8660253690702701,-0.500000060126699,-2.7755575615628914e-17,0,0.12940952484052812,0.2241438360683954,0.9659258334018679,0,7.241634368896484,5.201776504516602,-2.873199462890625,1],"name":"Coltrane_cool_lamp_001","extras":{"transformData":{"inheritType":1,"eulerOrder":"ZYX","translation":[7.241634368896484,5.201776504516602,-2.873199462890625],"rotation":[0,-14.999998425411784,-120.00000397795047],"parentMatrixWorld":{"elements":[1,0,0,0,0,1,0,0,0,0,1,0,4.773685455322266,-22.620277404785156,-46.276824951171875,1]}}},"children":[2,3,4,5,6]},{"matrix":[1,0,0,0,0,1,0,0,0,0,1,0,4.773685455322266,-22.620277404785156,-46.276824951171875,1],"name":"Coltrane_with_cords_001","extras":{"transformData":{"inheritType":1,"eulerOrder":"ZYX","translation":[4.773685455322266,-22.620277404785156,-46.276824951171875],"parentMatrixWorld":{"elements":[-1.629206849429465e-7,-5.551115123125782e-17,0.9999999999999868,0,0.9999999999999868,-2.2204460492503128e-16,1.6292068466539075e-7,0,-5.551115123125783e-17,1.0000000000000002,-2.220446049250313e-16,0,0,300,0,1]}}},"children":[0,1,7]},{"matrix":[-1.6391277313232422e-7,-0.9999999999999865,5.551115123125783e-17,0,-4.013392639889979e-7,6.59472476627343e-14,0.9999999999999194,0,-0.9999999999999061,1.6391277307681307e-7,-4.0133926404450904e-7,0,4.088216781616211,-0.26011180877685547,3.169097900390625,1],"name":"Delightfull_Coltrane_015","extras":{"transformData":{"inheritType":1,"eulerOrder":"ZYX","translation":[4.088216781616211,-0.26011180877685547,3.169097900390625],"rotation":[90.00002299504598,0,-90.0000093915101],"parentMatrixWorld":{"elements":[-0.9659258182961655,-0.2588190749324375,0,0,0.2588190749324375,-0.9659258182961655,0,0,0,0,1,0,-4.245370864868164,6.412934303283691,-79.77734375,1]}}}},{"matrix":[2.220446049250313e-16,0,-1,0,-1.4901161193847653e-8,0.9999999999999999,-2.481541837659083e-24,0,1,1.4901161193847653e-8,2.220446049250313e-16,0,-50.000003814697266,0,-30.290847778320312,1],"name":"Delightfull_Coltrane_017","extras":{"transformData":{"inheritType":1,"eulerOrder":"ZYX","translation":[-50.000003814697266,0,-30.290847778320312],"rotation":[-8.537736462515938e-7,90,0],"parentMatrixWorld":{"elements":[-0.48296295069820916,-0.8365162942620892,0.2588190056524077,0,0.8660253844970898,-0.5000000334066668,-1.3877787807814457e-17,0,0.1294095114724841,0.22414382888528084,0.9659258368596934,0,7.241635322570801,5.201775074005127,-2.873199462890625,1]}}},"mesh":3},{"matrix":[0.9999999999999998,-1.4901161193847656e-8,-1.4901161193847653e-8,0,1.4901158817743226e-8,-1.5945765641234286e-7,0.9999999999999872,0,-1.49011635699517e-8,-0.9999999999999872,-1.5945765619029825e-7,0,13.791259765625,0,-30.2860107421875,1],"name":"Coltrane_Delight_light_007","extras":{"transformData":{"inheritType":1,"eulerOrder":"ZYX","translation":[13.791259765625,0,-30.2860107421875],"rotation":[90.0000091362507,8.537736462515937e-7,-8.537736462515938e-7],"parentMatrixWorld":{"elements":[-0.48296295069820916,-0.8365162942620892,0.2588190056524077,0,0.8660253844970898,-0.5000000334066668,-1.3877787807814457e-17,0,0.1294095114724841,0.22414382888528084,0.9659258368596934,0,7.241635322570801,5.201775074005127,-2.873199462890625,1]}}}},{"matrix":[0.9999999999999998,-1.4901161193847656e-8,-1.4901161193847653e-8,0,1.4901158817743226e-8,-1.5945765641234286e-7,0.9999999999999872,0,-1.49011635699517e-8,-0.9999999999999872,-1.5945765619029825e-7,0,-13.791259765625,-9.5367431640625e-7,-30.2860107421875,1],"name":"Coltrane_Delight_light_008","extras":{"transformData":{"inheritType":1,"eulerOrder":"ZYX","translation":[-13.791259765625,-9.5367431640625e-7,-30.2860107421875],"rotation":[90.0000091362507,8.537736462515937e-7,-8.537736462515938e-7],"parentMatrixWorld":{"elements":[-0.48296295069820916,-0.8365162942620892,0.2588190056524077,0,0.8660253844970898,-0.5000000334066668,-1.3877787807814457e-17,0,0.1294095114724841,0.22414382888528084,0.9659258368596934,0,7.241635322570801,5.201775074005127,-2.873199462890625,1]}}}},{"matrix":[0.9999999999999998,-1.4901161193847653e-8,-1.4901161193847653e-8,0,1.4901161193847653e-8,0.9999999999999999,-3.697785493223493e-32,0,1.4901161193847653e-8,-2.2204460492503126e-16,0.9999999999999999,0,44.046630859375,0.000003814697265625,-26.31011962890625,1],"name":"Delightfull_Coltrane_018","extras":{"transformData":{"inheritType":1,"eulerOrder":"ZYX","translation":[44.046630859375,0.000003814697265625,-26.31011962890625],"rotation":[0,8.537736462515937e-7,-8.537736462515938e-7],"parentMatrixWorld":{"elements":[-0.48296295069820916,-0.8365162942620892,0.2588190056524077,0,0.8660253844970898,-0.5000000334066668,-1.3877787807814457e-17,0,0.1294095114724841,0.22414382888528084,0.9659258368596934,0,7.241635322570801,5.201775074005127,-2.873199462890625,1]}}},"mesh":4},{"matrix":[0.9999999999999998,-1.4901161193847653e-8,-1.4901161193847653e-8,0,1.4901161193847653e-8,0.9999999999999999,-3.697785493223493e-32,0,1.4901161193847653e-8,-2.2204460492503126e-16,0.9999999999999999,0,-0.000003814697265625,0.000003814697265625,-26.367767333984375,1],"name":"Delightfull_Coltrane_019","extras":{"transformData":{"inheritType":1,"eulerOrder":"ZYX","translation":[-0.000003814697265625,0.000003814697265625,-26.367767333984375],"rotation":[0,8.537736462515937e-7,-8.537736462515938e-7],"parentMatrixWorld":{"elements":[-0.48296295069820916,-0.8365162942620892,0.2588190056524077,0,0.8660253844970898,-0.5000000334066668,-1.3877787807814457e-17,0,0.1294095114724841,0.22414382888528084,0.9659258368596934,0,7.241635322570801,5.201775074005127,-2.873199462890625,1]}}},"mesh":5},{"matrix":[-0.48296295069820916,-0.8365162942620892,0.2588190056524077,0,0.8660253844970898,-0.5000000334066668,-1.3877787807814457e-17,0,0.1294095114724841,0.22414382888528084,0.9659258368596934,0,7.241635322570801,5.201775074005127,-2.873199462890625,1],"name":"Coltrane_cool_lamp_003","extras":{"transformData":{"inheritType":1,"eulerOrder":"ZYX","translation":[7.241635322570801,5.201775074005127,-2.873199462890625],"rotation":[0,-14.9999976599394,-120.00000221016731],"parentMatrixWorld":{"elements":[-0.9659258182961655,-0.2588190749324375,0,0,0.2588190749324375,-0.9659258182961655,0,0,0,0,1,0,-4.245370864868164,6.412934303283691,-79.77734375,1]}}},"children":[10,11,12,13,14]},{"matrix":[-1.6391277313232422e-7,-0.9999999999999865,5.551115123125783e-17,0,-4.013392639889979e-7,6.59472476627343e-14,0.9999999999999194,0,-0.9999999999999061,1.6391277307681307e-7,-4.0133926404450904e-7,0,-17.306623458862305,-37.31705856323242,13.27459716796875,1],"name":"Delightfull_Coltrane_016","extras":{"transformData":{"inheritType":1,"eulerOrder":"ZYX","translation":[-17.306623458862305,-37.31705856323242,13.27459716796875],"rotation":[90.00002299504598,0,-90.0000093915101],"parentMatrixWorld":{"elements":[-0.9659258182961655,-0.2588190749324375,0,0,0.2588190749324375,-0.9659258182961655,0,0,0,0,1,0,-4.245370864868164,6.412934303283691,-79.77734375,1]}}}},{"matrix":[-0.9659258182961655,-0.2588190749324375,0,0,0.2588190749324375,-0.9659258182961655,0,0,0,0,1,0,-4.245370864868164,6.412934303283691,-79.77734375,1],"name":"Coltrane_with_cords_003","extras":{"transformData":{"inheritType":1,"eulerOrder":"ZYX","translation":[-4.245370864868164,6.412934303283691,-79.77734375],"rotation":[0,0,-164.99999823058013],"parentMatrixWorld":{"elements":[-1.629206849429465e-7,-5.551115123125782e-17,0.9999999999999868,0,0.9999999999999868,-2.2204460492503128e-16,1.6292068466539075e-7,0,-5.551115123125783e-17,1.0000000000000002,-2.220446049250313e-16,0,0,300,0,1]}}},"children":[9,15,16]},{"matrix":[-1.4901161193847656e-7,-0.9999999999999889,-5.551115123125783e-17,0,-4.013392639889979e-7,5.972999872483342e-14,0.9999999999999195,0,-0.9999999999999085,1.4901161182745426e-7,-4.0133926404450904e-7,0,4.088217735290527,-0.26011085510253906,3.169097900390625,1],"name":"Delightfull_Coltrane_013","extras":{"transformData":{"inheritType":1,"eulerOrder":"ZYX","translation":[4.088217735290527,-0.26011085510253906,3.169097900390625],"rotation":[90.00002299504598,0,-90.00000853773646],"parentMatrixWorld":{"elements":[0.8191520699556509,0.5735763996952562,0,0,-0.5735763996952562,0.8191520699556509,0,0,0,0,1,0,-30.70456314086914,16.15765380859375,-63.867034912109375,1]}}}},{"matrix":[-1.4901161193847656e-7,-0.9999999999999889,-5.551115123125783e-17,0,-4.013392639889979e-7,5.972999872483342e-14,0.9999999999999195,0,-0.9999999999999085,1.4901161182745426e-7,-4.0133926404450904e-7,0,-17.306621551513672,-37.317054748535156,13.27459716796875,1],"name":"Delightfull_Coltrane_014","extras":{"transformData":{"inheritType":1,"eulerOrder":"ZYX","translation":[-17.306621551513672,-37.317054748535156,13.27459716796875],"rotation":[90.00002299504598,0,-90.00000853773646],"parentMatrixWorld":{"elements":[0.8191520699556509,0.5735763996952562,0,0,-0.5735763996952562,0.8191520699556509,0,0,0,0,1,0,-30.70456314086914,16.15765380859375,-63.867034912109375,1]}}}},{"matrix":[1,7.450580596923831e-9,4.1359030627651384e-25,0,1.2296854818386497e-15,-1.6504559186003573e-7,0.9999999999999865,0,7.450580596923728e-9,-0.9999999999999865,-1.6504559186003573e-7,0,-13.791259765625,0,-30.2860107421875,1],"name":"Coltrane_Delight_light_006","extras":{"transformData":{"inheritType":1,"eulerOrder":"ZYX","translation":[-13.791259765625,0,-30.2860107421875],"rotation":[90.00000945641581,0,4.2688682312579694e-7],"parentMatrixWorld":{"elements":[-0.48296297477886574,-0.8365162763663608,0.2588190185571898,0,0.8660253690702701,-0.500000060126699,-2.7755575615628914e-17,0,0.12940952484052812,0.2241438360683954,0.9659258334018679,0,7.241634368896484,5.201776504516602,-2.873199462890625,1]}}}},{"matrix":[1,7.450580596923828e-9,0,0,-7.450580596923828e-9,1,1.862645149230957e-9,0,1.3877787807814457e-17,-1.862645149230957e-9,1,0,44.046630859375,0.0000019073486328125,-26.31011962890625,1],"name":"Delightfull_Coltrane_011","extras":{"transformData":{"inheritType":1,"eulerOrder":"ZYX","translation":[44.046630859375,0.0000019073486328125,-26.31011962890625],"rotation":[1.0672170578144923e-7,0,4.2688682312579694e-7],"parentMatrixWorld":{"elements":[-0.48296297477886574,-0.8365162763663608,0.2588190185571898,0,0.8660253690702701,-0.500000060126699,-2.7755575615628914e-17,0,0.12940952484052812,0.2241438360683954,0.9659258334018679,0,7.241634368896484,5.201776504516602,-2.873199462890625,1]}}},"mesh":6},{"matrix":[1,7.450580596923828e-9,0,0,-7.450580596923828e-9,1,1.862645149230957e-9,0,1.3877787807814457e-17,-1.862645149230957e-9,1,0,0,0.0000057220458984375,-26.367767333984375,1],"name":"Delightfull_Coltrane_012","extras":{"transformData":{"inheritType":1,"eulerOrder":"ZYX","translation":[0,0.0000057220458984375,-26.367767333984375],"rotation":[1.0672170578144923e-7,0,4.2688682312579694e-7],"parentMatrixWorld":{"elements":[-0.48296297477886574,-0.8365162763663608,0.2588190185571898,0,0.8660253690702701,-0.500000060126699,-2.7755575615628914e-17,0,0.12940952484052812,0.2241438360683954,0.9659258334018679,0,7.241634368896484,5.201776504516602,-2.873199462890625,1]}}},"mesh":7},{"matrix":[2.220446049250313e-16,-8.271806125530277e-25,-1,0,7.450580596923827e-9,1,8.271806125530277e-25,0,1,-7.450580596923827e-9,2.220446049250313e-16,0,-49.999996185302734,0,-30.290847778320312,1],"name":"Delightfull_Coltrane_010","extras":{"transformData":{"inheritType":1,"eulerOrder":"ZYX","translation":[-49.999996185302734,0,-30.290847778320312],"rotation":[4.2688682312579694e-7,90,0],"parentMatrixWorld":{"elements":[-0.48296297477886574,-0.8365162763663608,0.2588190185571898,0,0.8660253690702701,-0.500000060126699,-2.7755575615628914e-17,0,0.12940952484052812,0.2241438360683954,0.9659258334018679,0,7.241634368896484,5.201776504516602,-2.873199462890625,1]}}},"mesh":8},{"matrix":[1,7.450580596923831e-9,4.1359030627651384e-25,0,1.2296854818386497e-15,-1.6504559186003573e-7,0.9999999999999865,0,7.450580596923728e-9,-0.9999999999999865,-1.6504559186003573e-7,0,13.791259765625,0.0000019073486328125,-30.2860107421875,1],"name":"Coltrane_Delight_light_005","extras":{"transformData":{"inheritType":1,"eulerOrder":"ZYX","translation":[13.791259765625,0.0000019073486328125,-30.2860107421875],"rotation":[90.00000945641581,0,4.2688682312579694e-7],"parentMatrixWorld":{"elements":[-0.48296297477886574,-0.8365162763663608,0.2588190185571898,0,0.8660253690702701,-0.500000060126699,-2.7755575615628914e-17,0,0.12940952484052812,0.2241438360683954,0.9659258334018679,0,7.241634368896484,5.201776504516602,-2.873199462890625,1]}}}},{"matrix":[-0.48296297477886574,-0.8365162763663608,0.2588190185571898,0,0.8660253690702701,-0.500000060126699,-2.7755575615628914e-17,0,0.12940952484052812,0.2241438360683954,0.9659258334018679,0,7.241634368896484,5.201776504516602,-2.873199462890625,1],"name":"Coltrane_cool_lamp_002","extras":{"transformData":{"inheritType":1,"eulerOrder":"ZYX","translation":[7.241634368896484,5.201776504516602,-2.873199462890625],"rotation":[0,-14.999998425411784,-120.00000397795047],"parentMatrixWorld":{"elements":[0.8191520699556509,0.5735763996952562,0,0,-0.5735763996952562,0.8191520699556509,0,0,0,0,1,0,-30.70456314086914,16.15765380859375,-63.867034912109375,1]}}},"children":[20,21,22,23,24]},{"matrix":[0.8191520699556509,0.5735763996952562,0,0,-0.5735763996952562,0.8191520699556509,0,0,0,0,1,0,-30.70456314086914,16.15765380859375,-63.867034912109375,1],"name":"Coltrane_with_cords_002","extras":{"transformData":{"inheritType":1,"eulerOrder":"ZYX","translation":[-30.70456314086914,16.15765380859375,-63.867034912109375],"rotation":[0,0,34.999997436102326],"parentMatrixWorld":{"elements":[-1.629206849429465e-7,-5.551115123125782e-17,0.9999999999999868,0,0.9999999999999868,-2.2204460492503128e-16,1.6292068466539075e-7,0,-5.551115123125783e-17,1.0000000000000002,-2.220446049250313e-16,0,0,300,0,1]}}},"children":[18,19,25]},{"matrix":[-1.629206849429465e-7,-5.551115123125782e-17,0.9999999999999868,0,0.9999999999999868,-2.2204460492503128e-16,1.6292068466539075e-7,0,-5.551115123125783e-17,1.0000000000000002,-2.220446049250313e-16,0,0,300,0,1],"name":"DELIGHTFUL_COLTRANE_CEILING_001","extras":{"transformData":{"inheritType":1,"eulerOrder":"ZYX","translation":[0,300,0],"preRotation":[-90,0,0],"rotation":[0,0,-90.00000933466764],"parentMatrixWorld":{"elements":[1,0,0,0,0,1,0,0,0,0,1,0,0,0,0,1]}}},"children":[8,17,26]}],"bufferViews":[{"buffer":0,"byteLength":3440,"byteOffset":348},{"buffer":0,"byteLength":2830,"byteOffset":3788},{"buffer":0,"byteLength":1579,"byteOffset":6620},{"buffer":0,"byteLength":2534,"byteOffset":8200},{"buffer":0,"byteLength":1579,"byteOffset":10736},{"buffer":0,"byteLength":2534,"byteOffset":12316},{"buffer":0,"byteLength":3440,"byteOffset":14852},{"buffer":0,"byteLength":2830,"byteOffset":18292},{"buffer":0,"byteLength":3440,"byteOffset":21124},{"buffer":0,"byteLength":2830,"byteOffset":24564},{"buffer":0,"byteLength":1579,"byteOffset":27396},{"buffer":0,"byteLength":2534,"byteOffset":28976}],"buffers":[{"byteLength":31512,"uri":"DELIGHTFUL COLTRANE LAMPS SUSPENDED 001.bin"}],"accessors":[{"componentType":5126,"count":1920,"type":"VEC3"},{"componentType":5126,"count":1920,"type":"VEC3"},{"componentType":5126,"count":1920,"type":"VEC2"},{"componentType":5123,"count":1920,"type":"SCALAR"},{"componentType":5126,"count":1536,"type":"VEC3"},{"componentType":5126,"count":1536,"type":"VEC3"},{"componentType":5126,"count":1536,"type":"VEC2"},{"componentType":5123,"count":1536,"type":"SCALAR"},{"componentType":5126,"count":384,"type":"VEC3"},{"componentType":5126,"count":384,"type":"VEC3"},{"componentType":5126,"count":384,"type":"VEC2"},{"componentType":5123,"count":384,"type":"SCALAR"},{"componentType":5123,"count":1152,"type":"SCALAR"},{"componentType":5126,"count":384,"type":"VEC3"},{"componentType":5126,"count":384,"type":"VEC3"},{"componentType":5126,"count":384,"type":"VEC2"},{"componentType":5123,"count":384,"type":"SCALAR"},{"componentType":5123,"count":1152,"type":"SCALAR"},{"componentType":5126,"count":1920,"type":"VEC3"},{"componentType":5126,"count":1920,"type":"VEC3"},{"componentType":5126,"count":1920,"type":"VEC2"},{"componentType":5123,"count":1920,"type":"SCALAR"},{"componentType":5126,"count":1536,"type":"VEC3"},{"componentType":5126,"count":1536,"type":"VEC3"},{"componentType":5126,"count":1536,"type":"VEC2"},{"componentType":5123,"count":1536,"type":"SCALAR"},{"componentType":5126,"count":1920,"type":"VEC3"},{"componentType":5126,"count":1920,"type":"VEC3"},{"componentType":5126,"count":1920,"type":"VEC2"},{"componentType":5123,"count":1920,"type":"SCALAR"},{"componentType":5126,"count":1536,"type":"VEC3"},{"componentType":5126,"count":1536,"type":"VEC3"},{"componentType":5126,"count":1536,"type":"VEC2"},{"componentType":5123,"count":1536,"type":"SCALAR"},{"componentType":5126,"count":384,"type":"VEC3"},{"componentType":5126,"count":384,"type":"VEC3"},{"componentType":5126,"count":384,"type":"VEC2"},{"componentType":5123,"count":384,"type":"SCALAR"},{"componentType":5123,"count":1152,"type":"SCALAR"},{"componentType":5126,"count":1152,"type":"VEC3"},{"componentType":5126,"count":1152,"type":"VEC3"},{"componentType":5126,"count":1152,"type":"VEC2"},{"componentType":5126,"count":1152,"type":"VEC3"},{"componentType":5126,"count":1152,"type":"VEC3"},{"componentType":5126,"count":1152,"type":"VEC2"},{"componentType":5126,"count":1152,"type":"VEC3"},{"componentType":5126,"count":1152,"type":"VEC3"},{"componentType":5126,"count":1152,"type":"VEC2"}],"materials":[{"name":"Material #64","pbrMetallicRoughness":{"baseColorFactor":[1,1,1,1],"roughnessFactor":0.25,"metallicFactor":0},"emissiveFactor":[0,0,0],"alphaMode":"OPAQUE","doubleSided":false},{"name":"Powder coated steel 001","pbrMetallicRoughness":{"baseColorFactor":[1,1,1,1],"roughnessFactor":0.25,"metallicFactor":0},"emissiveFactor":[0,0,0],"alphaMode":"OPAQUE","doubleSided":false},{"name":"Old gold 001","pbrMetallicRoughness":{"baseColorFactor":[1,1,1,1],"roughnessFactor":0.25,"metallicFactor":0},"emissiveFactor":[0,0,0],"alphaMode":"OPAQUE","doubleSided":false}],"meshes":[{"primitives":[{"mode":4,"attributes":{"POSITION":0,"NORMAL":1,"TEXCOORD_0":2},"material":0,"indices":3,"extensions":{"KHR_draco_mesh_compression":{"bufferView":0,"attributes":{"POSITION":0,"NORMAL":1,"TEXCOORD_0":2}}}}]},{"primitives":[{"mode":4,"attributes":{"POSITION":4,"NORMAL":5,"TEXCOORD_0":6},"material":0,"indices":7,"extensions":{"KHR_draco_mesh_compression":{"bufferView":1,"attributes":{"POSITION":0,"NORMAL":1,"TEXCOORD_0":2}}}}]},{"primitives":[{"mode":4,"attributes":{"POSITION":8,"NORMAL":9,"TEXCOORD_0":10},"material":1,"indices":11,"extensions":{"KHR_draco_mesh_compression":{"bufferView":2,"attributes":{"POSITION":0,"NORMAL":1,"TEXCOORD_0":2}}}},{"mode":4,"attributes":{"POSITION":39,"NORMAL":40,"TEXCOORD_0":41},"material":2,"indices":12,"extensions":{"KHR_draco_mesh_compression":{"bufferView":3,"attributes":{"POSITION":0,"NORMAL":1,"TEXCOORD_0":2}}}}]},{"primitives":[{"mode":4,"attributes":{"POSITION":13,"NORMAL":14,"TEXCOORD_0":15},"material":1,"indices":16,"extensions":{"KHR_draco_mesh_compression":{"bufferView":4,"attributes":{"POSITION":0,"NORMAL":1,"TEXCOORD_0":2}}}},{"mode":4,"attributes":{"POSITION":42,"NORMAL":43,"TEXCOORD_0":44},"material":2,"indices":17,"extensions":{"KHR_draco_mesh_compression":{"bufferView":5,"attributes":{"POSITION":0,"NORMAL":1,"TEXCOORD_0":2}}}}]},{"primitives":[{"mode":4,"attributes":{"POSITION":18,"NORMAL":19,"TEXCOORD_0":20},"material":0,"indices":21,"extensions":{"KHR_draco_mesh_compression":{"bufferView":6,"attributes":{"POSITION":0,"NORMAL":1,"TEXCOORD_0":2}}}}]},{"primitives":[{"mode":4,"attributes":{"POSITION":22,"NORMAL":23,"TEXCOORD_0":24},"material":0,"indices":25,"extensions":{"KHR_draco_mesh_compression":{"bufferView":7,"attributes":{"POSITION":0,"NORMAL":1,"TEXCOORD_0":2}}}}]},{"primitives":[{"mode":4,"attributes":{"POSITION":26,"NORMAL":27,"TEXCOORD_0":28},"material":0,"indices":29,"extensions":{"KHR_draco_mesh_compression":{"bufferView":8,"attributes":{"POSITION":0,"NORMAL":1,"TEXCOORD_0":2}}}}]},{"primitives":[{"mode":4,"attributes":{"POSITION":30,"NORMAL":31,"TEXCOORD_0":32},"material":0,"indices":33,"extensions":{"KHR_draco_mesh_compression":{"bufferView":9,"attributes":{"POSITION":0,"NORMAL":1,"TEXCOORD_0":2}}}}]},{"primitives":[{"mode":4,"attributes":{"POSITION":34,"NORMAL":35,"TEXCOORD_0":36},"material":1,"indices":37,"extensions":{"KHR_draco_mesh_compression":{"bufferView":10,"attributes":{"POSITION":0,"NORMAL":1,"TEXCOORD_0":2}}}},{"mode":4,"attributes":{"POSITION":45,"NORMAL":46,"TEXCOORD_0":47},"material":2,"indices":38,"extensions":{"KHR_draco_mesh_compression":{"bufferView":11,"attributes":{"POSITION":0,"NORMAL":1,"TEXCOORD_0":2}}}}]}],"extensionsUsed":["KHR_draco_mesh_compression"],"extensionsRequired":["KHR_draco_mesh_compression"]}